/*--------------------------------*- C++ -*----------------------------------*\
  =========                 |
  \\      /  F ield         | OpenFOAM: The Open Source CFD Toolbox
   \\    /   O peration     | Website:  https://openfoam.org
    \\  /    A nd           | Version:  13
     \\/     M anipulation  |
\*---------------------------------------------------------------------------*/
FoamFile
{
    format      ascii;
    class       volScalarField;
    location    "50";
    object      p;
}
// * * * * * * * * * * * * * * * * * * * * * * * * * * * * * * * * * * * * * //

dimensions      [0 2 -2 0 0 0 0];

internalField   nonuniform List<scalar> 
5760
(
0.83930735
0.77210077
0.74031338
0.72806092
0.71831852
0.70841982
0.69932981
0.691228
0.6837849
0.67674272
0.66998051
0.66343176
0.65704459
0.65077714
0.64459802
0.63848406
0.63241763
0.62638513
0.62037664
0.61438536
0.60840629
0.60243447
0.59646425
0.59049003
0.5845084
0.57851986
0.57252888
0.56654188
0.560564
0.55459608
0.54863301
0.54266504
0.53668585
0.53068147
0.5246386
0.51855413
0.51243068
0.50627677
0.5001053
0.49393675
0.48778529
0.48165988
0.47556896
0.46951921
0.46351073
0.45753171
0.45156895
0.44561008
0.4396502
0.43368334
0.42770377
0.42170225
0.41567127
0.4096056
0.40350272
0.39736284
0.39118619
0.38497655
0.37873919
0.37248513
0.36623378
0.35996816
0.35385632
0.34762315
0.34131133
0.33522673
0.32908535
0.32281081
0.31657921
0.31041474
0.30421522
0.29794205
0.29163984
0.2853549
0.27909549
0.27284795
0.26660209
0.26035918
0.25412506
0.24790186
0.24168454
0.23546352
0.22922876
0.2229728
0.21669023
0.21037438
0.20400944
0.1975595
0.19093619
0.18409256
0.17552665
0.17522734
0.1739079
0.16282716
0.15410109
0.14855163
0.14294591
0.13656374
0.1300354
0.12369899
0.11749866
0.11131973
0.10512132
0.098912909
0.092714802
0.086542329
0.080403719
0.074301215
0.068231309
0.062186776
0.056158742
0.050139959
0.044125363
0.038111077
0.032090497
0.026050841
0.019967011
0.013782298
0.0073615987
-0.00049294687
0.80156608
0.76315368
0.73744586
0.72534631
0.71610864
0.70686463
0.69819002
0.69032877
0.68305075
0.67613389
0.66946783
0.66299343
0.65666503
0.65044502
0.64430474
0.63822294
0.6321835
0.62617403
0.62018538
0.61421111
0.60824638
0.60228665
0.59632699
0.59036271
0.58439099
0.57841235
0.57243062
0.56645133
0.56047881
0.55451388
0.54855224
0.54258476
0.53660672
0.53060366
0.52456437
0.51848501
0.51236797
0.50622194
0.50005949
0.49389819
0.48775212
0.48163148
0.47554403
0.46949538
0.46348467
0.45750239
0.45153633
0.44557548
0.43961384
0.43364539
0.42766397
0.42166094
0.41562908
0.4095631
0.40346071
0.39732168
0.39114693
0.38493997
0.37870668
0.37245717
0.36620902
0.35996137
0.3537946
0.34761604
0.34133363
0.33518501
0.32903986
0.32280077
0.31656958
0.31038431
0.30417796
0.29791336
0.29162016
0.28533753
0.27907606
0.27282633
0.26657967
0.26033647
0.25410101
0.24787477
0.24165308
0.23542735
0.22918831
0.22292894
0.21664411
0.21032807
0.2039676
0.19753354
0.19096606
0.1842274
0.17658598
0.17437903
0.17186384
0.16271883
0.15449489
0.14855422
0.14276941
0.13642831
0.12994679
0.12361367
0.11740012
0.11121082
0.10500793
0.098799107
0.092602505
0.086432085
0.080294847
0.074192521
0.06812155
0.06207551
0.056046258
0.050027233
0.044013348
0.038000837
0.031983527
0.025951167
0.01988624
0.013760709
0.0075512906
0.0015993772
0.78039655
0.76021063
0.73926301
0.72632386
0.71673211
0.70762399
0.69899737
0.69107721
0.68372401
0.67674223
0.67001882
0.66349211
0.65711648
0.65085432
0.64467637
0.63856079
0.63249112
0.62645476
0.62044209
0.61444586
0.6084605
0.60248132
0.59650394
0.5905246
0.58454098
0.57855319
0.57256361
0.56657589
0.56059286
0.55461483
0.54863809
0.54265693
0.53666663
0.53065329
0.52460765
0.51852581
0.51240951
0.50626775
0.50011135
0.49395429
0.48781039
0.48169101
0.47560297
0.46954951
0.46352952
0.45753609
0.45155977
0.44559055
0.43962153
0.43364588
0.42765727
0.42164778
0.4156107
0.40954097
0.40343612
0.39729595
0.39112172
0.38491738
0.37868902
0.37244624
0.36620385
0.35997885
0.35377219
0.34760886
0.34135083
0.33514947
0.32900994
0.32281175
0.31657696
0.31036403
0.30415198
0.29790441
0.29162876
0.28535352
0.27909331
0.27284554
0.26660397
0.26036726
0.25413713
0.24791395
0.24169388
0.2354701
0.22923486
0.22298205
0.21670735
0.21040723
0.20407455
0.19769549
0.19125307
0.1847872
0.17840166
0.17403089
0.16970934
0.16255227
0.15498858
0.14864677
0.14268941
0.1364575
0.13008345
0.12378249
0.11756892
0.11138081
0.10518685
0.098991555
0.092809471
0.086652034
0.080524453
0.074427598
0.068358232
0.062311274
0.056280147
0.05025934
0.044244046
0.038230681
0.032214405
0.026189396
0.020149324
0.014094655
0.0080668572
0.0023143407
0.76489036
0.75269918
0.73586391
0.7233451
0.71399442
0.70542453
0.69723927
0.68960076
0.68244999
0.67563292
0.66904508
0.66262916
0.65634497
0.65015944
0.64404639
0.63798626
0.63196451
0.62597006
0.61999415
0.61402988
0.60807195
0.60211655
0.59616072
0.59020237
0.58424004
0.57827349
0.57230348
0.56633163
0.56035928
0.55438679
0.54841209
0.54243279
0.53644505
0.53043645
0.52439951
0.51833068
0.51223159
0.50610978
0.49997376
0.49383468
0.4877056
0.48159789
0.47551699
0.46946462
0.46344008
0.45743977
0.451457
0.44548304
0.43950996
0.4335303
0.42753764
0.42152495
0.41548621
0.40941655
0.40331349
0.39717673
0.39100807
0.38481167
0.37859382
0.37236292
0.36613111
0.35990456
0.35370813
0.3475383
0.34129622
0.3350837
0.32894349
0.32275978
0.31651786
0.31028611
0.30407341
0.29784331
0.29158457
0.2853162
0.27905666
0.27280986
0.26657151
0.26033813
0.25410859
0.2478824
0.24165696
0.23542768
0.22918862
0.22293474
0.21666256
0.2103707
0.20405723
0.19771955
0.19136624
0.18506322
0.17910552
0.17349622
0.16817419
0.16206644
0.15507846
0.14855449
0.14246936
0.13631075
0.13001702
0.12373187
0.11750485
0.11130766
0.10511596
0.098929983
0.092759176
0.086611622
0.080490371
0.074395649
0.068324833
0.062274669
0.056240326
0.050217542
0.044201702
0.038189547
0.0321776
0.026164374
0.02015221
0.014156028
0.0082289932
0.0025417867
0.75325604
0.74551597
0.73275557
0.72168617
0.71290896
0.70487718
0.69710739
0.68970966
0.68269313
0.67595791
0.66941965
0.66303006
0.65675624
0.6505707
0.644451
0.63837998
0.6323448
0.62633545
0.62034364
0.61436261
0.60838733
0.60241471
0.596443
0.59047119
0.58449812
0.57852257
0.57254331
0.56655977
0.56057199
0.55458046
0.54858489
0.5425881
0.53658464
0.53056405
0.52452057
0.51845142
0.51235734
0.50624333
0.50011592
0.49398433
0.4878598
0.48175223
0.47566618
0.4696032
0.46356389
0.45754722
0.45154878
0.4455607
0.43957462
0.43358261
0.42757838
0.42155565
0.41550902
0.40943385
0.40332759
0.39719001
0.39102319
0.38483153
0.37862108
0.37239859
0.36617397
0.35994961
0.35375406
0.34756942
0.34133958
0.3351267
0.32896714
0.32277792
0.31653702
0.31030244
0.30409254
0.29787471
0.29162932
0.28536898
0.27911366
0.27287115
0.26663813
0.26040925
0.25418137
0.24795374
0.24172527
0.23549355
0.22925438
0.22300381
0.21673934
0.21046162
0.20417318
0.19787982
0.19160331
0.185409
0.17959308
0.17341842
0.16748443
0.16177254
0.15525866
0.14872727
0.14253245
0.13638259
0.13013663
0.1238694
0.11764074
0.11144563
0.1052655
0.099096122
0.092941702
0.086806979
0.080693431
0.07460114
0.068528575
0.062474235
0.05643498
0.050407583
0.044387866
0.038373098
0.032361499
0.026355225
0.020362213
0.014402987
0.008522454
0.0028249455
0.74409343
0.73883297
0.72901654
0.71927986
0.71096106
0.70328885
0.69583745
0.68865516
0.68177741
0.67514363
0.66868582
0.66236082
0.65613948
0.64999767
0.64391529
0.63787675
0.63187015
0.62588607
0.61991656
0.61395527
0.60799771
0.60204169
0.5960864
0.59013144
0.58417543
0.57821606
0.57225035
0.56627627
0.56029328
0.55430295
0.54830738
0.54231288
0.53631292
0.5302995
0.52426823
0.51821655
0.51214373
0.50605239
0.49994743
0.49383608
0.48772695
0.48162833
0.47554501
0.46947986
0.46343487
0.45741075
0.45140457
0.44540951
0.43941735
0.43342019
0.42741188
0.42138664
0.41533953
0.40926611
0.40316387
0.39703257
0.39087438
0.38469354
0.37849546
0.37228551
0.36607085
0.35984921
0.35365436
0.347468
0.34124895
0.33503545
0.3288592
0.32266954
0.3164419
0.31021452
0.30400705
0.29779628
0.29156231
0.28531256
0.27906482
0.27282764
0.26659815
0.26037033
0.25414033
0.24790782
0.24167309
0.2354356
0.22919261
0.22294134
0.21668042
0.21041229
0.20414232
0.19788075
0.19165399
0.18551869
0.17972518
0.17323597
0.16690696
0.16132019
0.15513537
0.14865183
0.14236896
0.1362032
0.12999787
0.1237638
0.11755075
0.11136818
0.10520418
0.099052623
0.092913921
0.086790693
0.080683662
0.074593521
0.068519802
0.062462587
0.056419905
0.050389616
0.044368117
0.038353742
0.032346291
0.026350699
0.020377669
0.014447896
0.0085950193
0.0028937343
0.7366449
0.73286867
0.72521279
0.71681682
0.70914873
0.70195678
0.6949248
0.68805904
0.6814038
0.67493208
0.6685964
0.6623631
0.65620972
0.65011792
0.64407215
0.63805999
0.63207175
0.62609962
0.62013707
0.61417909
0.60822253
0.60226628
0.59631026
0.59035422
0.58439633
0.57843332
0.57246123
0.56647745
0.56048184
0.55447725
0.548468
0.542464
0.53645616
0.53043872
0.5244083
0.51836201
0.51229773
0.50621615
0.50012035
0.4940154
0.48790767
0.4818047
0.47571242
0.46963525
0.46357616
0.45753664
0.45151483
0.44550507
0.4394998
0.43349132
0.42747344
0.4214405
0.41538777
0.40931102
0.40320778
0.39707773
0.39092281
0.38474686
0.37855456
0.3723497
0.36613764
0.35991448
0.35371617
0.34752582
0.34130665
0.33508923
0.32890231
0.32271203
0.31649288
0.31026877
0.30405978
0.29785227
0.29162832
0.28538996
0.27915047
0.27291757
0.26668931
0.26046036
0.25422732
0.24799046
0.24175103
0.23550969
0.22926494
0.22301526
0.21676048
0.21050438
0.20425398
0.19802144
0.19183261
0.18572834
0.17990998
0.17325054
0.16668779
0.16111849
0.15513679
0.14872844
0.14241048
0.13623946
0.130072
0.1238734
0.11767853
0.11150656
0.10535332
0.09921295
0.093083527
0.086966083
0.080861022
0.074769449
0.068691648
0.062628515
0.056578959
0.050541781
0.044514474
0.038496678
0.032489781
0.026500294
0.020539466
0.014625288
0.0087791696
0.0030497364
0.73044205
0.72759898
0.72149913
0.71426929
0.70724268
0.70047926
0.69379416
0.68718665
0.68070721
0.67435626
0.66810699
0.6619362
0.6558279
0.64976883
0.6437472
0.63775305
0.63177826
0.62581621
0.61986153
0.61391032
0.60796027
0.60201067
0.59606126
0.59011128
0.58415815
0.57819802
0.57222665
0.56624178
0.56024414
0.55423808
0.54822945
0.54222836
0.53622531
0.53021611
0.52419754
0.51816612
0.51211846
0.50605348
0.49997241
0.49387866
0.48777753
0.4816766
0.47558288
0.46950191
0.46343721
0.4573908
0.45136179
0.44534577
0.43933595
0.43332472
0.42730561
0.4212728
0.41522164
0.4091481
0.40304976
0.39692609
0.39077861
0.38461057
0.37842591
0.37222781
0.36602068
0.35979812
0.35359942
0.34740908
0.34119279
0.33497765
0.32878841
0.32259956
0.31638847
0.31017144
0.3039671
0.29776735
0.29155567
0.28532958
0.2790981
0.27286821
0.26663946
0.26040808
0.25417147
0.2479303
0.24168623
0.23544079
0.22919365
0.2229447
0.21669494
0.21044902
0.20421423
0.19800244
0.19183663
0.18574564
0.17989342
0.17312627
0.16641726
0.16082339
0.15496056
0.14862659
0.14230048
0.13612161
0.12997463
0.12380085
0.11762098
0.1114587
0.10531566
0.099186583
0.093067516
0.086958046
0.080857997
0.07476867
0.068690585
0.062625276
0.056572411
0.050532144
0.044503331
0.038487144
0.032485979
0.026506838
0.020559806
0.01465901
0.0088170388
0.0030767435
0.72518597
0.72295871
0.71799065
0.71174513
0.70534543
0.69901482
0.69268221
0.68635627
0.68008879
0.6738976
0.66777232
0.66169913
0.65566777
0.64966951
0.6436961
0.63774017
0.63179556
0.62585736
0.61992178
0.61398628
0.60804942
0.60211076
0.5961698
0.59022537
0.58427471
0.57831423
0.57234042
0.5663521
0.56035122
0.55434306
0.54833403
0.54233354
0.53633246
0.53032721
0.52431448
0.51829018
0.51224994
0.50619143
0.50011467
0.49402242
0.48791973
0.48181436
0.47571391
0.46962461
0.46355047
0.45749404
0.45145525
0.44543063
0.43941385
0.43339717
0.42737369
0.42133736
0.41528361
0.40920859
0.40310991
0.39698678
0.39084021
0.38467298
0.37848871
0.37229019
0.36608157
0.35985728
0.35365494
0.34746241
0.34124647
0.3350318
0.32884036
0.32265154
0.31644621
0.31023612
0.30403665
0.29784203
0.29163733
0.28541784
0.27918984
0.27295993
0.266729
0.26049463
0.25425472
0.24800998
0.24176226
0.23551382
0.22926555
0.22301866
0.21677507
0.21053958
0.20431883
0.19812339
0.19197242
0.18588239
0.1799892
0.17315813
0.16636252
0.16073216
0.15493178
0.14865702
0.14233756
0.13615547
0.13002361
0.12387259
0.1177105
0.11156098
0.10542912
0.099310411
0.093199726
0.087095667
0.080997771
0.074907503
0.068825753
0.06275474
0.056695211
0.050648805
0.04461589
0.038598819
0.032600431
0.026627152
0.020687019
0.014790216
0.0089420234
0.0031769195
0.7206767
0.7188728
0.7147382
0.70930231
0.7034791
0.69755852
0.69155256
0.68548701
0.67941568
0.67336894
0.66735097
0.6613578
0.6553856
0.64943056
0.64348834
0.63755459
0.63162547
0.62569803
0.61977001
0.61384001
0.60790709
0.60197078
0.59603028
0.59008427
0.58413022
0.57816533
0.57218723
0.56619591
0.56019405
0.55418727
0.54818143
0.54218288
0.53618532
0.53018502
0.52417811
0.51816007
0.512126
0.50607293
0.50000042
0.49391098
0.48780956
0.48170388
0.47560171
0.4695098
0.46343255
0.45737291
0.4513312
0.44530435
0.43928618
0.43326874
0.42724484
0.42120831
0.41515468
0.40908033
0.40298283
0.39686118
0.390716
0.38454988
0.37836642
0.37216891
0.36596217
0.35973894
0.35353689
0.34734664
0.34113505
0.33492478
0.32873598
0.32255092
0.31635307
0.31015116
0.30395748
0.29776747
0.2915682
0.28535433
0.27913034
0.27290211
0.26667108
0.26043562
0.25419396
0.24794692
0.24169665
0.2354463
0.22919789
0.22295378
0.21671629
0.21048992
0.20428003
0.19809535
0.19195155
0.18585759
0.17993135
0.17305807
0.16620754
0.16054119
0.15477334
0.14854616
0.14224417
0.13606689
0.12994919
0.12381878
0.11767423
0.11153737
0.10541552
0.099305449
0.093201664
0.087102297
0.081006638
0.074916388
0.068832781
0.06275887
0.056696404
0.050648411
0.044616287
0.038603056
0.032611203
0.02664602
0.020713169
0.014819568
0.0089664335
0.0031913293
0.71677531
0.71527316
0.71176214
0.70698537
0.70167722
0.69614029
0.69044143
0.68462532
0.67874918
0.67285225
0.66695025
0.6610479
0.65514711
0.64924836
0.64335074
0.63745261
0.63155226
0.62564838
0.61973994
0.6138263
0.60790684
0.60198116
0.59604841
0.59010754
0.58415667
0.57819412
0.57221862
0.5662311
0.56023453
0.55423405
0.54823445
0.54223988
0.53624664
0.53025045
0.52424723
0.51823246
0.51220125
0.50615063
0.50008007
0.49399206
0.48789142
0.48178577
0.47568293
0.46958985
0.46351114
0.45744975
0.45140597
0.44537678
0.43935606
0.43333585
0.42730892
0.42126912
0.41521219
0.40913463
0.40303409
0.39690943
0.39076118
0.38459199
0.37840585
0.37220649
0.36599917
0.3597775
0.35357497
0.34738614
0.3411777
0.33497055
0.32878369
0.32260104
0.31640776
0.31021098
0.3040208
0.29783328
0.29163718
0.28542714
0.27920625
0.27297942
0.26674816
0.26051137
0.25426771
0.24801837
0.24176596
0.23551445
0.22926665
0.22302555
0.21679349
0.21057424
0.20437178
0.19819311
0.19205099
0.18594791
0.17998851
0.1730895
0.16620723
0.16050869
0.15475372
0.14856017
0.14227667
0.1361058
0.12999745
0.12388065
0.11774816
0.11161973
0.10550399
0.099398848
0.093298749
0.087201461
0.081106028
0.075014347
0.068928008
0.062850809
0.056785299
0.050735468
0.044703278
0.038691937
0.032703308
0.026741462
0.020810041
0.014913646
0.0090505061
0.0032569604
0.71349611
0.71220717
0.70915397
0.70489402
0.70002139
0.69482397
0.68939933
0.68380765
0.67810982
0.67235106
0.66655564
0.6607356
0.65489809
0.64904759
0.64318652
0.63731591
0.63143616
0.62554754
0.61965018
0.61374423
0.60782957
0.60190614
0.59597346
0.59003105
0.58407787
0.57811319
0.5721366
0.56614948
0.56015466
0.55415662
0.54815903
0.54216412
0.53617039
0.53017355
0.52416946
0.51815396
0.51212245
0.5060722
0.50000271
0.49391636
0.48781773
0.48171415
0.47561314
0.46952151
0.46344364
0.45738228
0.45133752
0.44530639
0.43928297
0.43325953
0.42722898
0.42118532
0.41512441
0.40904292
0.4029386
0.39681044
0.390659
0.38448726
0.3782996
0.37210048
0.36589581
0.3596767
0.35347592
0.34729079
0.34108727
0.33488462
0.32870108
0.32252171
0.31633298
0.31014119
0.30395494
0.29777048
0.29157775
0.28537159
0.27915412
0.27292935
0.2666987
0.26046154
0.25421699
0.24796676
0.2417138
0.2354626
0.22921636
0.22297838
0.21675074
0.21053664
0.20433892
0.19816326
0.19202043
0.1859098
0.17992818
0.17301469
0.16611376
0.16038999
0.15463974
0.14847123
0.14220659
0.13604491
0.12994545
0.12384041
0.11771943
0.11160036
0.10549215
0.099393556
0.093298976
0.087205992
0.081113458
0.075023512
0.068938025
0.062861393
0.056796621
0.050748301
0.044718579
0.038710689
0.032725874
0.026767291
0.020837098
0.014938457
0.0090683976
0.0032675867
0.71071134
0.70957936
0.70687228
0.70302236
0.69851587
0.69361578
0.68843479
0.68304446
0.67750924
0.67187874
0.66618379
0.66044256
0.65466687
0.64886484
0.64304184
0.63720125
0.63134532
0.62547567
0.6195934
0.61369938
0.60779403
0.60187771
0.5959504
0.59001216
0.58406256
0.57810157
0.57212928
0.56614723
0.56015798
0.55416526
0.54817197
0.54218
0.53618823
0.53019275
0.52418975
0.51817552
0.51214591
0.50609841
0.50003254
0.49395051
0.48785658
0.48175762
0.47566072
0.46957231
0.46349653
0.45743589
0.45139043
0.44535733
0.43933096
0.43330391
0.4272693
0.42122126
0.41515578
0.40906973
0.40296106
0.39682893
0.39067415
0.38449997
0.37831113
0.37211238
0.36590969
0.35969388
0.3534946
0.34731238
0.34111261
0.33491321
0.32873196
0.32255487
0.31636929
0.31018104
0.30399772
0.29781558
0.29162543
0.28542235
0.27920778
0.27298502
0.26675529
0.26051827
0.25427351
0.24802303
0.24177003
0.23551924
0.22927407
0.22303794
0.21681278
0.21060133
0.20440559
0.19823029
0.1920847
0.18596524
0.17996233
0.17304013
0.16612929
0.16038395
0.15463153
0.14847862
0.14222837
0.13607407
0.12998032
0.12388254
0.11776895
0.11165586
0.10555221
0.099457258
0.093365514
0.087274463
0.081182879
0.075093047
0.069007048
0.062929612
0.05686402
0.050815178
0.044785366
0.038777801
0.032793352
0.026834509
0.020902407
0.014999233
0.0091210289
0.003309031
0.70826116
0.70725129
0.70481822
0.70130521
0.69711427
0.69248022
0.687521
0.6823157
0.67693178
0.67142213
0.66582261
0.66015648
0.6544397
0.64868364
0.64289635
0.63708338
0.63124867
0.62539513
0.61952487
0.61363955
0.60774018
0.6018277
0.59590256
0.58996535
0.58401621
0.57805565
0.57208417
0.56610345
0.5601158
0.55412455
0.54813205
0.54213972
0.53614656
0.53014951
0.52414504
0.51812993
0.51210036
0.50605404
0.4999904
0.49391139
0.48782084
0.48172508
0.4756307
0.46954376
0.46346816
0.45740631
0.45135828
0.44532145
0.43929051
0.43325839
0.42721839
0.42116484
0.41509387
0.40900258
0.40288911
0.39675291
0.39059496
0.38441875
0.37822924
0.37203148
0.36583173
0.35961768
0.35341982
0.34724055
0.34104451
0.33484834
0.32866953
0.32249489
0.31631254
0.31012794
0.30394794
0.29776872
0.29158165
0.28538199
0.2791707
0.27295042
0.26672212
0.26048569
0.25424099
0.24799039
0.24173727
0.23548659
0.22924194
0.2230069
0.21678333
0.21057369
0.20437935
0.19820422
0.19205643
0.18593072
0.17991365
0.17298845
0.16607233
0.16030974
0.15455401
0.14841343
0.14217681
0.136031
0.12994371
0.12385333
0.11774768
0.11164187
0.10554454
0.099455172
0.09336835
0.087281465
0.081193193
0.075105876
0.069021717
0.062945656
0.056881183
0.050833453
0.044804892
0.038798758
0.032815666
0.026857592
0.020924868
0.015018926
0.0091354114
0.0033188702
0.70610982
0.70519605
0.70298161
0.69974563
0.6958246
0.69142588
0.68666641
0.68162944
0.67638474
0.67098762
0.66547785
0.6598829
0.65422237
0.64851059
0.64275804
0.63697229
0.63115887
0.62532193
0.61946454
0.61358911
0.60769727
0.60179045
0.59586957
0.58993565
0.58398929
0.57803147
0.57206303
0.5660858
0.56010193
0.55411431
0.54812493
0.54213503
0.53614347
0.53014771
0.5241446
0.51813125
0.51210414
0.50606109
0.50000148
0.49392698
0.48784104
0.48174954
0.47565864
0.46957411
0.4634997
0.45743774
0.45138839
0.44534918
0.4393151
0.43327934
0.42723546
0.42117792
0.41510303
0.40900806
0.40289137
0.39675259
0.39059285
0.38441579
0.37822652
0.37203013
0.36583264
0.35962099
0.35342456
0.34724795
0.34105528
0.33486211
0.32868572
0.32251365
0.31633452
0.3101535
0.30397683
0.29780057
0.29161646
0.2854199
0.27921149
0.27299332
0.26676616
0.26053003
0.25428512
0.24803406
0.24178047
0.23552949
0.22928487
0.22305032
0.21682762
0.21061892
0.20442504
0.19824914
0.19209833
0.18596574
0.17993434
0.17300693
0.16608854
0.16031027
0.15454838
0.14841503
0.14218845
0.13604937
0.12996686
0.1238817
0.11778176
0.11168127
0.10558844
0.099502785
0.093418937
0.087334231
0.081247292
0.075160517
0.069076235
0.062999581
0.056934254
0.050885635
0.044856309
0.038849571
0.032865843
0.026906652
0.020971669
0.015061728
0.0091720012
0.0033478624
0.70422927
0.70339177
0.70135286
0.69834466
0.69465286
0.69045989
0.68587817
0.68099255
0.67587421
0.67058032
0.66515355
0.65962481
0.65401682
0.6483465
0.64262651
0.63686621
0.63107256
0.62525086
0.61940503
0.61353819
0.60765256
0.60175006
0.59583205
0.58990003
0.58395505
0.57799853
0.57203165
0.56605638
0.56007473
0.55408933
0.54810171
0.54211235
0.53612067
0.53012457
0.52412107
0.5181076
0.51208091
0.50603896
0.4999811
0.49390881
0.48782522
0.48173582
0.47564641
0.4695625
0.46348767
0.45742422
0.45137234
0.44532973
0.43929161
0.43325144
0.42720297
0.42114085
0.41506149
0.40896232
0.40284185
0.39669987
0.39053765
0.38435895
0.37816901
0.37197309
0.36577744
0.35956611
0.35337023
0.34719565
0.34100576
0.33481514
0.32864088
0.32247111
0.31629486
0.31011702
0.30394333
0.29776973
0.2915882
0.28539425
0.27918821
0.27297177
0.26674551
0.26050954
0.25426435
0.24801286
0.2417589
0.23550776
0.22926333
0.22302937
0.2168076
0.2105999
0.20440658
0.19823022
0.19207714
0.18593968
0.17989883
0.17297258
0.16605376
0.16026309
0.15449601
0.14836905
0.14215219
0.13602055
0.12994367
0.12386421
0.1177704
0.11167583
0.10558823
0.099507067
0.093426985
0.087345309
0.081260655
0.075175492
0.069092275
0.063016314
0.056951482
0.050903334
0.044874559
0.038868447
0.032885228
0.026926037
0.020990016
0.015077548
0.0091836765
0.0033563924
0.70259706
0.70182043
0.6999228
0.6971015
0.69360283
0.68958759
0.68516199
0.68041065
0.67540544
0.67020478
0.66485358
0.65938549
0.65382586
0.64819388
0.64250413
0.63676757
0.63099245
0.6251851
0.61935026
0.61349172
0.60761224
0.60171424
0.59579953
0.58987006
0.58392728
0.577973
0.57200869
0.56603637
0.56005795
0.55407565
0.54809065
0.54210306
0.53611262
0.53011735
0.52411457
0.51810196
0.51207656
0.5060365
0.49998113
0.49391182
0.48783143
0.48174512
0.47565837
0.46957643
0.46350274
0.45743954
0.45138699
0.44534293
0.43930274
0.43326009
0.42720891
0.42114397
0.41506176
0.40895985
0.40283687
0.39669278
0.39052896
0.38434936
0.37815934
0.3719642
0.36577003
0.35956051
0.35336567
0.34719325
0.34100623
0.3348183
0.32864642
0.32247918
0.31630592
0.31013127
0.30396054
0.29778958
0.29161054
0.28541902
0.27921516
0.27300034
0.26677498
0.26053928
0.25429397
0.24804221
0.24178799
0.23553676
0.22929244
0.22305883
0.21683752
0.21063016
0.20443664
0.19825907
0.19210314
0.18596044
0.1799099
0.17298408
0.16606599
0.16026424
0.15449113
0.14836785
0.14215808
0.13603211
0.12995936
0.12388387
0.1177943
0.11170379
0.10561967
0.099541299
0.093463324
0.087383105
0.081299291
0.075214434
0.069131105
0.063054758
0.056989395
0.050940689
0.044911387
0.038904754
0.032920859
0.026960529
0.021022505
0.015106854
0.0092084329
0.0033761033
0.7011954
0.70046734
0.69868329
0.69601457
0.692677
0.68881321
0.68452268
0.67988864
0.67498303
0.66986509
0.66458141
0.6591678
0.65365178
0.6480545
0.64239216
0.63667714
0.63091882
0.62512444
0.61929947
0.61344831
0.60757422
0.60168011
0.5957682
0.58984086
0.58389991
0.57794748
0.57198522
0.56601523
0.56003923
0.55405921
0.54807602
0.54208918
0.53609885
0.5301034
0.5241003
0.51808751
0.51206235
0.50602311
0.49996919
0.49390182
0.48782366
0.48173951
0.47565457
0.4695738
0.46350051
0.4574368
0.45138288
0.44533661
0.43929355
0.43324756
0.42719273
0.42112396
0.41503786
0.40893213
0.40280555
0.39665825
0.39049179
0.38431027
0.37811917
0.37192395
0.36573096
0.35952183
0.35332724
0.34715629
0.34097138
0.33478548
0.32861537
0.32245006
0.31627913
0.31010699
0.30393863
0.29776979
0.29159276
0.2854032
0.27920111
0.27298762
0.26676301
0.26052755
0.25428217
0.24803023
0.24177588
0.23552465
0.22928051
0.22304724
0.21682638
0.21061937
0.20442581
0.19824742
0.19208947
0.1859432
0.17988654
0.17296333
0.16604672
0.16023645
0.15445872
0.14833895
0.14213587
0.13601558
0.12994716
0.12387571
0.11779033
0.11170392
0.10562345
0.099548131
0.093472631
0.087394353
0.08131199
0.075228176
0.069145571
0.063069733
0.057004752
0.05095637
0.044927366
0.03892097
0.032937125
0.026976419
0.021037305
0.015119624
0.009218203
0.0033837001
0.7000099
0.69932045
0.69762714
0.6950818
0.69187681
0.68813989
0.68396403
0.67943045
0.67461075
0.66956466
0.66433999
0.65897422
0.65349665
0.64793004
0.64229202
0.63659615
0.63085279
0.62506999
0.61925386
0.61340933
0.60754016
0.60164966
0.59574046
0.58981527
0.58387623
0.57792574
0.57196561
0.56599794
0.56002434
0.55404652
0.54806507
0.54207943
0.53608978
0.53009468
0.52409187
0.51807955
0.51205527
0.50601746
0.49996554
0.49390065
0.48782522
0.48174378
0.47566124
0.46958232
0.46351016
0.45744678
0.45139237
0.44534487
0.43929995
0.43325164
0.42719418
0.42112262
0.41503367
0.40892518
0.40279605
0.39664657
0.39047845
0.38429594
0.37810461
0.37190995
0.36571819
0.35951074
0.35331698
0.34714773
0.34096507
0.33478135
0.32861323
0.32245005
0.31628161
0.3101121
0.30394623
0.29777966
0.29160478
0.28541729
0.27921707
0.27300503
0.26678136
0.26054636
0.25430111
0.24804915
0.24179476
0.23554352
0.22929943
0.22306628
0.21684551
0.21063841
0.20444437
0.1982648
0.19210461
0.18595474
0.17989185
0.17297008
0.16605518
0.16023733
0.15445477
0.14833686
0.14213846
0.13602228
0.12995691
0.12388822
0.11780573
0.11172215
0.10564415
0.099570833
0.093496841
0.087419627
0.081337932
0.075254457
0.069171936
0.063096
0.057030804
0.050982132
0.044952783
0.038945958
0.032961506
0.026999843
0.021059205
0.015139275
0.0092347795
0.0033970012
0.69902929
0.69837011
0.69674827
0.69430109
0.69120306
0.68757
0.6834891
0.67903938
0.67429185
0.66930646
0.66413188
0.65880692
0.65336226
0.64782197
0.64220486
0.63652547
0.630795
0.62502216
0.61921362
0.61337478
0.60750979
0.60162236
0.59571546
0.5897921
0.58385472
0.5779059
0.57194757
0.56598186
0.56001025
0.55403428
0.54805435
0.54206946
0.5360801
0.53008514
0.52408241
0.51807031
0.51204659
0.5060098
0.49995936
0.49389634
0.48782296
0.4817435
0.47566263
0.46958485
0.46351314
0.45744947
0.451394
0.4453447
0.4392974
0.43324626
0.42718567
0.42111084
0.41501858
0.40890687
0.40277472
0.39662261
0.39045236
0.38426836
0.37807625
0.37188162
0.36569086
0.3594837
0.35329017
0.34712204
0.340941
0.33475888
0.32859223
0.32243068
0.31626418
0.31009676
0.30393291
0.29776819
0.29159506
0.28540924
0.27921051
0.27299963
0.26677666
0.26054195
0.25429671
0.24804463
0.24179011
0.23553877
0.22929466
0.22306153
0.2168408
0.21063364
0.20443924
0.19825883
0.19209704
0.18594472
0.17987801
0.17295896
0.16604583
0.16022227
0.15443614
0.14832013
0.14212605
0.13601379
0.12995148
0.12388555
0.11780587
0.11172505
0.10564951
0.099578234
0.093505846
0.087429851
0.081349039
0.07526618
0.069184066
0.063108394
0.057043358
0.050994776
0.044965455
0.038958567
0.032973895
0.027011725
0.021070145
0.015148719
0.0092421622
0.0034029493
0.69824457
0.69760857
0.69604163
0.6936704
0.69065606
0.68710522
0.68310022
0.678718
0.67402887
0.66909284
0.66395921
0.65866771
0.65325012
0.64773155
0.64213172
0.63646599
0.63074621
0.62498164
0.61917941
0.61334531
0.60748383
0.60159899
0.59569406
0.58977232
0.58383642
0.57788911
0.57193241
0.56596844
0.55999859
0.55402421
0.54804554
0.54206153
0.5360727
0.53007804
0.52407559
0.51806389
0.51204087
0.50600515
0.49995619
0.49389496
0.48782355
0.48174604
0.47566688
0.46959039
0.46351945
0.45745593
0.45139997
0.44534959
0.4393007
0.43324759
0.42718478
0.42110759
0.41501295
0.40889893
0.40276468
0.39661077
0.39043916
0.38425434
0.37806203
0.37186782
0.36567796
0.3594718
0.35327881
0.34711191
0.34093251
0.33475202
0.32858693
0.32242707
0.31626252
0.31009717
0.30393531
0.29777244
0.29160105
0.28541686
0.27921958
0.27300982
0.26678757
0.26055321
0.25430804
0.2480559
0.24180124
0.23554979
0.22930557
0.22307234
0.21685147
0.21064405
0.20444915
0.19826783
0.19210455
0.18595002
0.17987965
0.17296211
0.16605064
0.16022233
0.15443298
0.14831807
0.14212707
0.13601767
0.12995756
0.12389358
0.11781585
0.11173692
0.10566302
0.09959302
0.093521538
0.087446125
0.081365625
0.075282871
0.069200708
0.063124884
0.057059626
0.051010772
0.044981127
0.038973849
0.032988666
0.027025778
0.021083165
0.015160317
0.0092519041
0.0034108605
0.697649
0.69702993
0.69550323
0.693188
0.6902359
0.68674678
0.68279922
0.67846837
0.67382388
0.66892575
0.66382367
0.65855805
0.65316145
0.64765975
0.64207338
0.63641829
0.63070685
0.62494874
0.61915144
0.61332103
0.60746229
0.60157947
0.59567608
0.58975562
0.58382089
0.5778748
0.57191942
0.56595686
0.55998842
0.55401537
0.54803782
0.5420544
0.53606588
0.53007147
0.52406925
0.51805789
0.51203543
0.50600057
0.49995279
0.49389299
0.48782318
0.48174725
0.47566948
0.46959403
0.46352368
0.45746019
0.4514037
0.44535222
0.43930172
0.43324659
0.42718148
0.42110182
0.41500464
0.40888814
0.40275155
0.39659558
0.39042228
0.38423629
0.37804336
0.37184915
0.36566001
0.35945396
0.35326117
0.34709511
0.34091689
0.33473761
0.32857367
0.3224151
0.31625205
0.31008832
0.30392804
0.29776664
0.29159665
0.28541377
0.27921764
0.27300874
0.26678704
0.26055291
0.25430775
0.24805549
0.24180069
0.23554909
0.22930476
0.22307143
0.21685044
0.21064281
0.20444755
0.1982656
0.19210128
0.1859453
0.17987285
0.17295734
0.16604728
0.16021568
0.15442416
0.14831036
0.14212198
0.13601506
0.1299569
0.12389461
0.11781853
0.11174113
0.10566853
0.099599518
0.093528705
0.087453705
0.081373416
0.07529074
0.069208569
0.063132697
0.057067372
0.051018441
0.044988706
0.038981297
0.03299591
0.027032671
0.021089503
0.01516583
0.0092563303
0.0034146574
0.69723748
0.69662975
0.69513001
0.69285246
0.6899425
0.68649547
0.68258732
0.67829191
0.67367836
0.6688066
0.66372655
0.65847906
0.6530972
0.6476074
0.64203053
0.63638297
0.63067745
0.62492394
0.61913016
0.61330239
0.60744559
0.60156422
0.59566194
0.5897424
0.58380855
0.57786339
0.57190902
0.56594756
0.55998023
0.55400818
0.54803143
0.54204864
0.53606052
0.53006641
0.52406448
0.51805352
0.51203163
0.50599759
0.49995086
0.49389235
0.48782395
0.48174946
0.47567301
0.46959863
0.46352899
0.45746579
0.45140911
0.44535695
0.43930534
0.43324873
0.42718187
0.42110028
0.4150011
0.40888263
0.40274419
0.3965866
0.39041202
0.38422517
0.3780319
0.37183786
0.36564926
0.35944385
0.35325135
0.34708605
0.34090887
0.33473065
0.32856778
0.32241038
0.31624868
0.31008639
0.30392754
0.29776749
0.29159879
0.2854171
0.279222
0.27301391
0.26679272
0.26055881
0.25431368
0.24806131
0.24180635
0.23555458
0.22931007
0.22307656
0.21685536
0.21064746
0.20445184
0.19826937
0.19210429
0.18594729
0.17987319
0.17295871
0.16604974
0.1602158
0.15442274
0.14830969
0.14212313
0.13601792
0.12996111
0.12389995
0.11782491
0.11174845
0.10567658
0.099608028
0.093537433
0.087462454
0.081382047
0.075299173
0.069216767
0.063140659
0.057075109
0.05102597
0.04499603
0.0389884
0.033002747
0.027039159
0.021095513
0.015171212
0.0092609242
0.0034185276
0.69700675
0.69640512
0.69491993
0.69266279
0.68977579
0.68635182
0.68246542
0.67818966
0.67359336
0.66873638
0.66366874
0.65843151
0.65305803
0.64757499
0.64200355
0.63636032
0.63065821
0.62490736
0.61911563
0.61328941
0.60743376
0.60155322
0.59565157
0.58973257
0.58379924
0.57785464
0.57190091
0.56594017
0.5599736
0.55400233
0.54802632
0.54204393
0.5360561
0.53006233
0.52406078
0.51805023
0.51202886
0.50599547
0.49994956
0.49389203
0.48782472
0.48175138
0.47567603
0.46960262
0.4635337
0.45747086
0.45141415
0.44536151
0.43930898
0.43325107
0.42718258
0.42109916
0.41499803
0.40887759
0.40273725
0.39657795
0.39040196
0.38421408
0.37802023
0.37182609
0.36563795
0.35943264
0.35324035
0.34707565
0.34089926
0.33472191
0.32855992
0.3224035
0.31624291
0.31008181
0.30392417
0.29776528
0.29159768
0.285417
0.27922277
0.27301534
0.26679457
0.26056085
0.25431572
0.24806323
0.24180812
0.23555617
0.22931149
0.2230778
0.21685643
0.21064831
0.20445241
0.19826955
0.19210396
0.18594635
0.17987148
0.17295798
0.1660497
0.1602146
0.15442082
0.1483084
0.14212312
0.13601913
0.12996328
0.12390288
0.11782846
0.11175245
0.10568081
0.099612278
0.093541497
0.087466204
0.08138541
0.075302143
0.069219377
0.063142979
0.057077217
0.051027944
0.044997928
0.038990257
0.033004576
0.027040932
0.021097194
0.015172727
0.0092622337
0.0034199082
0.69695496
0.69635443
0.69487185
0.6926184
0.68973564
0.68631605
0.6824339
0.67816211
0.6735694
0.66871559
0.6636507
0.6584158
0.65304428
0.64756287
0.64199276
0.63635062
0.6306494
0.62489927
0.61910811
0.61328232
0.60742699
0.60154666
0.59564516
0.58972628
0.58379311
0.57784873
0.57189531
0.56593496
0.55996885
0.55399806
0.54802246
0.54204051
0.53605302
0.53005959
0.5240584
0.51804824
0.51202729
0.50599439
0.49994907
0.49389223
0.48782574
0.4817533
0.4756789
0.46960639
0.46353823
0.45747593
0.45141944
0.44536666
0.4393136
0.43325478
0.42718507
0.42110021
0.41499749
0.40887541
0.40273347
0.39657271
0.39039546
0.38420667
0.37801229
0.37181804
0.36563012
0.35942509
0.35323289
0.34706857
0.34089272
0.33471597
0.32855466
0.32239898
0.31623923
0.31007904
0.30392233
0.29776436
0.29159762
0.28541771
0.27922413
0.27301716
0.26679666
0.260563
0.25431777
0.24806509
0.24180972
0.23555751
0.22931259
0.22307865
0.21685705
0.21064872
0.20445265
0.19826966
0.192104
0.18594641
0.1798716
0.17295841
0.16605039
0.16021516
0.15442153
0.14830971
0.14212521
0.13602194
0.12996664
0.12390663
0.11783242
0.11175643
0.1056846
0.099615698
0.093544407
0.087468524
0.08138712
0.075303281
0.069220021
0.063143236
0.0570772
0.051027761
0.044997666
0.038989981
0.033004327
0.027040739
0.021097074
0.015172709
0.0092623669
0.0034202454
0.69708189
0.69647745
0.69498559
0.69271921
0.68982204
0.6863882
0.68249283
0.67820934
0.67360656
0.66874431
0.66367249
0.65843198
0.65305596
0.64757098
0.64199806
0.63635373
0.63065085
0.62489948
0.61910742
0.61328098
0.60742516
0.60154446
0.59564265
0.58972349
0.58379007
0.57784548
0.57189191
0.56593151
0.55996546
0.55399489
0.54801969
0.54203794
0.53605077
0.53005781
0.52405712
0.51804743
0.51202689
0.50599433
0.49994935
0.4938929
0.4878269
0.48175511
0.47568152
0.4696099
0.46354267
0.45748119
0.45142533
0.44537287
0.43931975
0.43326048
0.42718997
0.42110401
0.41499999
0.4088765
0.40273312
0.39657097
0.39039249
0.38420271
0.37800766
0.37181309
0.36562523
0.35942017
0.35322816
0.34706414
0.34088867
0.33471245
0.32855177
0.32239679
0.31623778
0.31007838
0.30392252
0.29776538
0.29159942
0.28542018
0.27922714
0.27302055
0.26680026
0.26056662
0.25432129
0.24806839
0.24181277
0.23556031
0.22931516
0.22308103
0.21685927
0.2106508
0.20445464
0.1982716
0.19210598
0.18594853
0.17987413
0.17296068
0.16605251
0.16021815
0.15442526
0.14831376
0.14212936
0.13602619
0.12997098
0.12391089
0.11783636
0.1117598
0.10568718
0.099617319
0.093544971
0.087468017
0.081385586
0.075300838
0.069216822
0.06313947
0.057073063
0.051023446
0.044993342
0.038985793
0.033000397
0.027037168
0.02109397
0.015170152
0.0092604832
0.0034191139
0.69738858
0.69677514
0.69526182
0.69296551
0.690035
0.68656804
0.68264191
0.67833098
0.67370449
0.66882222
0.66373384
0.65847985
0.65309296
0.6475993
0.6420195
0.63636977
0.63066271
0.62490817
0.61911373
0.61328554
0.60742843
0.60154674
0.59564413
0.58972427
0.58379022
0.57784504
0.57189095
0.56593014
0.55996385
0.55399322
0.54801809
0.54203663
0.53604983
0.53005736
0.52405719
0.51804792
0.51202767
0.50599526
0.49995031
0.49389386
0.48782797
0.48175645
0.47568333
0.4696124
0.46354599
0.45748535
0.45143022
0.44537826
0.43932533
0.43326588
0.42719482
0.421108
0.41500289
0.40887816
0.40273345
0.39656997
0.39039024
0.38419938
0.37800349
0.3718084
0.36562029
0.3594151
0.35322291
0.34705882
0.34088334
0.33470727
0.32854691
0.32239232
0.31623372
0.31007479
0.30391945
0.29776285
0.29159737
0.2854185
0.2792257
0.27301921
0.26679888
0.26056507
0.25431943
0.24806614
0.2418101
0.23555723
0.22931173
0.22307731
0.21685534
0.21064679
0.20445073
0.19826803
0.19210304
0.18594662
0.17987394
0.17296005
0.16605124
0.16021891
0.15442781
0.14831679
0.14213219
0.1360288
0.12997343
0.12391305
0.11783796
0.11176055
0.10568686
0.099615788
0.093542183
0.087463992
0.081380413
0.075294661
0.069209829
0.063131876
0.057065098
0.051015335
0.044985288
0.03897798
0.032992982
0.02703031
0.021087823
0.01516489
0.0092563044
0.0034159953
0.69787781
0.69724989
0.69570221
0.69335811
0.69037457
0.68685517
0.68288044
0.67852625
0.67386236
0.66894855
0.66383406
0.65855878
0.65315472
0.64764732
0.64205661
0.63639829
0.63068456
0.62492492
0.61912668
0.61329571
0.60743658
0.60155341
0.59564964
0.58972876
0.58379372
0.57784752
0.57189239
0.56593062
0.55996356
0.55399252
0.54801744
0.54203604
0.53604967
0.53005794
0.52405858
0.51804999
0.51203017
0.50599788
0.49995283
0.49389615
0.48783008
0.4817586
0.47568588
0.46961569
0.46355034
0.45749094
0.45143709
0.44538627
0.43933419
0.43327521
0.42720421
0.42111709
0.41501139
0.40888586
0.4027402
0.3965757
0.39039494
0.38420311
0.37800639
0.3718106
0.36562203
0.35941667
0.35322453
0.34706035
0.34088478
0.33470889
0.32854896
0.32239488
0.3162368
0.31007844
0.30392376
0.29776782
0.29160292
0.28542447
0.27923194
0.27302558
0.26680525
0.26057128
0.25432535
0.24807165
0.24181518
0.23556188
0.22931602
0.22308134
0.21685925
0.2106507
0.20445482
0.19827249
0.19210817
0.18595267
0.17988149
0.17296614
0.16605637
0.16022687
0.15443784
0.14832667
0.14214092
0.1360365
0.12998037
0.12391912
0.11784283
0.11176386
0.10568838
0.099615412
0.093539895
0.087459861
0.081374596
0.075287362
0.06920131
0.06312242
0.057055014
0.05100493
0.044974867
0.03896783
0.032983386
0.02702154
0.021080162
0.015158565
0.0092515674
0.0034125775
0.69855375
0.69790541
0.6963093
0.69389816
0.69084074
0.68724881
0.68320725
0.67879381
0.67407884
0.66912202
0.66397201
0.65866783
0.65324049
0.64771447
0.64210899
0.63643904
0.63071625
0.62494968
0.61914623
0.61331142
0.60744952
0.60156432
0.59565897
0.58973673
0.58380037
0.57785278
0.57189621
0.56593304
0.5599648
0.55399298
0.54801754
0.54203624
0.53605028
0.53005927
0.52406068
0.51805272
0.51203319
0.50600079
0.49995527
0.49389791
0.48783116
0.4817592
0.47568639
0.46961655
0.46355197
0.45749364
0.45144102
0.44539138
0.43934026
0.43328187
0.42721107
0.42112377
0.41501754
0.40889125
0.40274461
0.39657896
0.39039695
0.38420385
0.37800586
0.37180893
0.36561937
0.3594134
0.35322061
0.34705567
0.34087934
0.33470302
0.32854299
0.32238893
0.31623088
0.31007264
0.30391818
0.29776249
0.29159774
0.28541929
0.27922661
0.27301999
0.26679929
0.26056482
0.25431829
0.24806389
0.24180669
0.23555271
0.22930629
0.22307121
0.21684894
0.2106405
0.2044451
0.19826369
0.19210089
0.18594757
0.17988
0.17296362
0.16605251
0.16022722
0.15444151
0.14833046
0.14214336
0.13603772
0.12998072
0.12391853
0.11784094
0.11176031
0.10568294
0.099608001
0.093530536
0.08744866
0.081361732
0.075273067
0.069185862
0.063106118
0.057038186
0.050987907
0.044957989
0.038951433
0.032967807
0.027007131
0.021067271
0.01514754
0.009242723
0.0034056982
0.69942252
0.698747
0.69708667
0.69458723
0.69143346
0.6877479
0.68362077
0.67913187
0.67435212
0.66934094
0.6641462
0.6588057
0.65334915
0.6477998
0.64217581
0.63649129
0.63075713
0.62498182
0.61917181
0.61333221
0.60746692
0.60157931
0.59567222
0.58974849
0.58381066
0.57786139
0.57190295
0.56593781
0.55996781
0.55399475
0.54801885
0.54203744
0.53605206
0.53006214
0.52406481
0.51805791
0.51203903
0.50600675
0.49996085
0.49390275
0.48783521
0.48176268
0.47568978
0.46962045
0.463557
0.45750029
0.45144961
0.445402
0.43935277
0.43329594
0.42722627
0.4211397
0.41503384
0.40890761
0.40276081
0.39659476
0.39041217
0.3842183
0.37801944
0.37182141
0.36563071
0.35942417
0.35323109
0.34706545
0.3408884
0.33471178
0.32855192
0.32239818
0.31624047
0.31008268
0.30392879
0.29777369
0.29160938
0.28543112
0.27923844
0.27303165
0.26681068
0.26057576
0.25432863
0.24807345
0.24181544
0.23556062
0.22931351
0.22307791
0.21685545
0.21064712
0.2044523
0.19827186
0.19211065
0.18595925
0.17989453
0.17297582
0.16606327
0.16024288
0.1544603
0.14834823
0.14215847
0.13605049
0.12999183
0.12392792
0.11784822
0.11176501
0.1056849
0.099607091
0.093526871
0.087442314
0.081353002
0.075262163
0.069173183
0.063091934
0.05702294
0.050971928
0.044941768
0.038935381
0.032952487
0.02699305
0.021055046
0.01513762
0.0092355555
0.0034004651
0.70049204
0.69978154
0.69803884
0.69542714
0.6921524
0.68835084
0.68411878
0.67953801
0.67467979
0.6696031
0.66435467
0.65897073
0.65347935
0.64790226
0.6422563
0.63655448
0.63080681
0.62502109
0.61920323
0.61335787
0.60748848
0.60159799
0.59568879
0.58976332
0.58382372
0.57787242
0.57191163
0.56594395
0.55997158
0.55399671
0.54801976
0.54203807
0.53605309
0.53006414
0.52406794
0.51806203
0.51204363
0.50601118
0.49996444
0.49390497
0.48783585
0.48176183
0.47568787
0.46961807
0.46355483
0.45749891
0.45144948
0.44540334
0.43935555
0.43329992
0.42723112
0.42114505
0.41503938
0.40891311
0.402766
0.39659939
0.390416
0.38422108
0.37802087
0.37182123
0.36562875
0.35942069
0.35322632
0.34705903
0.34088032
0.33470258
0.32854218
0.32238813
0.31623019
0.31007234
0.30391859
0.29776369
0.29159939
0.2854209
0.27922777
0.27302037
0.26679865
0.26056283
0.25431461
0.24805818
0.24179884
0.23554272
0.22929448
0.22305803
0.21683516
0.21062697
0.20443299
0.19825424
0.19209567
0.18594797
0.17988941
0.17296971
0.16605561
0.16024183
0.15446383
0.14835108
0.14215845
0.13604812
0.12998791
0.12392249
0.11784086
0.11175535
0.10567277
0.099592468
0.093509805
0.08742295
0.081331544
0.075238879
0.06914836
0.063065885
0.056996006
0.05094449
0.044914263
0.038908323
0.032926463
0.026968744
0.021033158
0.015118833
0.0092203903
0.0033885638
0.70177272
0.7010179
0.69917144
0.69641991
0.69299693
0.68905555
0.68469856
0.68000928
0.67505895
0.66990583
0.66459508
0.65916094
0.65362943
0.64802045
0.64234929
0.63662762
0.63086445
0.62506676
0.61923987
0.61338792
0.60751394
0.60162042
0.59570923
0.58978225
0.58384115
0.57788791
0.57192463
0.56595401
0.5599787
0.55400145
0.54802328
0.54204126
0.53605705
0.53006965
0.52407543
0.51807147
0.51205463
0.50602307
0.4999765
0.49391656
0.48784664
0.48177182
0.47569745
0.46962782
0.46356545
0.45751102
0.45146359
0.44541971
0.43937415
0.43332053
0.42725337
0.42116859
0.41506394
0.40893849
0.40279205
0.39662594
0.39044287
0.384248
0.37804747
0.37184687
0.36565289
0.35944377
0.35324868
0.34707997
0.34089971
0.33472105
0.32856044
0.32240645
0.31624867
0.31009125
0.30393822
0.2977841
0.29162038
0.28544215
0.27924902
0.27304139
0.26681928
0.26058275
0.25433354
0.24807577
0.24181489
0.23555709
0.22930728
0.22306952
0.21684586
0.21063753
0.20444431
0.19826715
0.19211132
0.18596685
0.17991303
0.17299099
0.16607572
0.16026913
0.15449472
0.14837919
0.14218174
0.13606745
0.13000449
0.12393636
0.11785165
0.11176272
0.10567671
0.099592963
0.093507034
0.087417
0.081322736
0.075227391
0.069134562
0.063049944
0.056978296
0.050925245
0.044894002
0.038887556
0.032906038
0.026949567
0.021016355
0.015105371
0.0092110623
0.0033819521
0.7032775
0.70246704
0.70049108
0.69756748
0.69396574
0.68985905
0.68535648
0.68054188
0.67548597
0.67024584
0.66486461
0.65937397
0.65379747
0.64815287
0.6424536
0.63670984
0.63092935
0.62511822
0.61928108
0.61342156
0.60754223
0.60164512
0.59573156
0.58980282
0.58385995
0.5779044
0.571938
0.56596353
0.55998412
0.55400318
0.54802235
0.54203911
0.53605452
0.53006762
0.52407445
0.51807168
0.51205574
0.50602451
0.49997752
0.49391648
0.48784504
0.4817686
0.47569285
0.46962231
0.46355965
0.45750553
0.45145892
0.44541616
0.43937173
0.43331902
0.42725244
0.42116795
0.41506336
0.40893785
0.40279126
0.39662496
0.39044162
0.3842463
0.37804491
0.37184289
0.3656469
0.35943592
0.3532391
0.34706789
0.34088504
0.33470449
0.32854272
0.32238792
0.31622954
0.31007191
0.30391907
0.29776531
0.29160179
0.2854235
0.27923006
0.27302199
0.26679922
0.26056175
0.25431126
0.2480518
0.24178893
0.23552894
0.22927698
0.22303734
0.21681242
0.21060374
0.20441136
0.19823654
0.19208467
0.18594598
0.17990211
0.1729804
0.16606442
0.16026712
0.15449782
0.14837954
0.14217673
0.13605831
0.12999262
0.12392191
0.11783434
0.11174244
0.10565363
0.099567287
0.093478952
0.087386718
0.081290523
0.075193493
0.069099222
0.063013321
0.05694057
0.050886601
0.044854786
0.038848291
0.032867559
0.026912964
0.020982944
0.015076466
0.0091876946
0.003363756
0.70502284
0.70414258
0.70200549
0.69887163
0.69505679
0.69075766
0.68608827
0.68113146
0.67595669
0.67061942
0.66516007
0.65960715
0.65398127
0.64829774
0.64256789
0.63680018
0.63100098
0.62517533
0.61932714
0.6134595
0.60757461
0.60167406
0.59575874
0.58982922
0.58388584
0.57792929
0.57196097
0.56598352
0.5600005
0.55401601
0.54803269
0.54204867
0.53606432
0.53007851
0.52408712
0.5180865
0.51207266
0.50604324
0.49999754
0.49393731
0.48786635
0.48179032
0.47571522
0.46964571
0.46358458
0.45753243
0.45148815
0.44544782
0.43940566
0.43335485
0.42728968
0.42120619
0.41510227
0.40897727
0.40283115
0.3966654
0.39048272
0.38428803
0.378087
0.37188456
0.36568729
0.35947529
0.35327754
0.34710436
0.34091922
0.33473704
0.32857442
0.32241898
0.31626011
0.31010248
0.30395013
0.29779707
0.29163408
0.28545608
0.27926276
0.27305468
0.26683171
0.26059368
0.25434218
0.24808115
0.24181621
0.23555367
0.22929895
0.2230566
0.21682952
0.21061963
0.20442747
0.19825455
0.19210671
0.18597307
0.17993711
0.17301499
0.16610025
0.16031341
0.15454733
0.14842324
0.14221255
0.13608805
0.13001782
0.12394253
0.11785006
0.11175337
0.1056602
0.099569856
0.093477867
0.087382273
0.08128312
0.075183416
0.069086768
0.062998552
0.056923561
0.050867288
0.044833341
0.038825072
0.032843451
0.026889281
0.020961487
0.015059198
0.0091762186
0.0033563492
0.70702914
0.70606106
0.7037232
0.70033313
0.69626647
0.69174618
0.68688837
0.68177252
0.67646606
0.6710222
0.66547779
0.65985742
0.65417828
0.64845286
0.64269015
0.63689665
0.63107719
0.6252356
0.61937495
0.61349776
0.60760583
0.60170042
0.59578195
0.58985042
0.58390538
0.57794675
0.57197532
0.56599354
0.56000528
0.55401544
0.54802749
0.54204047
0.53605405
0.53006703
0.52407518
0.51807459
0.51206094
0.50603156
0.49998559
0.49392471
0.48785287
0.48177594
0.47570014
0.46963027
0.4635692
0.45751755
0.45147408
0.44543467
0.4393933
0.43334296
0.42727792
0.42119425
0.41508995
0.40896451
0.40281801
0.39665207
0.39046946
0.38427496
0.37807389
0.37187081
0.36567202
0.35945837
0.35325902
0.34708311
0.34089504
0.33471061
0.32854638
0.32238957
0.31622956
0.31007132
0.30391897
0.29776621
0.29160343
0.28542546
0.27923208
0.27302387
0.26680059
0.26056192
0.25430931
0.24804663
0.24177945
0.23551409
0.22925615
0.22301046
0.21678043
0.21056856
0.20437605
0.19820511
0.19206184
0.18593605
0.17991545
0.17299757
0.16608554
0.16031179
0.15455073
0.14842043
0.14220111
0.13607057
0.12999605
0.12391635
0.11781929
0.11171849
0.10562197
0.099528855
0.093434567
0.087337095
0.081236519
0.075135764
0.069038348
0.062949436
0.056873703
0.050816505
0.044781564
0.038772465
0.03279072
0.026837707
0.020913026
0.015016119
0.0091406584
0.0033289202
0.70932224
0.708243
0.70565394
0.70195202
0.69758996
0.6928184
0.68775029
0.6824587
0.67700827
0.67144919
0.66581371
0.66012167
0.65438634
0.64861709
0.64282038
0.63700059
0.63116086
0.62530372
0.61943129
0.61354545
0.60764761
0.60173872
0.5958189
0.58988758
0.58394355
0.57798583
0.57201443
0.56603132
0.56004051
0.55404739
0.54805654
0.54206838
0.53608163
0.53009473
0.52410367
0.51810444
0.51209253
0.50606513
0.5000212
0.49396239
0.48789264
0.48181787
0.47574437
0.46967691
0.4636184
0.45756931
0.45152828
0.44549093
0.43945102
0.43340145
0.42733654
0.42125254
0.41514763
0.40902153
0.40287456
0.39670859
0.39052653
0.3843331
0.37813321
0.37193076
0.36573162
0.35951693
0.35331696
0.34713909
0.3409486
0.33476229
0.32859669
0.32243842
0.31627693
0.31011774
0.30396516
0.29781249
0.29164973
0.28547176
0.27927846
0.2730704
0.26684712
0.26060807
0.25435459
0.24809041
0.24182104
0.23555268
0.22929102
0.22304118
0.21680712
0.21059204
0.20439801
0.19822816
0.19208922
0.18596965
0.17996118
0.17304821
0.1661432
0.16038459
0.15462528
0.14848404
0.14225313
0.1361146
0.13003354
0.12394658
0.11784212
0.11173474
0.10563277
0.099534995
0.093436674
0.087335717
0.081232237
0.075128996
0.069029421
0.062938355
0.056860314
0.050800373
0.044762339
0.038749991
0.03276551
0.026811067
0.020887261
0.0149943
0.0091257619
0.0033202044
0.71205339
0.71082473
0.70790456
0.70380612
0.699085
0.69401875
0.68870815
0.68321578
0.67760276
0.67191508
0.66617872
0.6604075
0.65461003
0.64879209
0.64295716
0.63710726
0.63124361
0.62536731
0.61947941
0.61358112
0.60767349
0.60175728
0.59583238
0.58989779
0.58395154
0.57799169
0.5720173
0.56602972
0.56003291
0.55403295
0.54803538
0.54204199
0.53605069
0.53005989
0.52406585
0.5180646
0.51205163
0.50602401
0.4999806
0.49392289
0.48785467
0.48178171
0.47571009
0.46964453
0.46358779
0.4575403
0.45150048
0.44546373
0.4394236
0.43337298
0.42730632
0.4212201
0.4151128
0.40898439
0.40283558
0.39666861
0.39048664
0.38429429
0.37809604
0.37189515
0.36569688
0.35948185
0.35328165
0.34710217
0.3409095
0.33472133
0.32855424
0.32239426
0.31623092
0.31007048
0.30391751
0.29776488
0.29160224
0.28542458
0.2792319
0.27302462
0.26680193
0.26056298
0.25430891
0.24804332
0.24177156
0.2354997
0.22923346
0.22297822
0.2167386
0.21051865
0.20432163
0.19815198
0.19201671
0.18590681
0.17992262
0.17302156
0.16612672
0.16038784
0.15463134
0.14847667
0.14223213
0.13608537
0.12999757
0.12390288
0.11779102
0.11167796
0.10557212
0.099471709
0.093371735
0.087269965
0.08116643
0.075063625
0.068964729
0.062874191
0.056796228
0.050735569
0.04469602
0.038681572
0.032695168
0.026739961
0.020817915
0.014930144
0.009071112
0.0032782374
0.71533508
0.71389764
0.71052786
0.7059171
0.70075912
0.69534951
0.68976094
0.6840408
0.6782464
0.67241793
0.66657288
0.66071773
0.65485577
0.64898866
0.64311659
0.63723882
0.63135442
0.62546274
0.61956354
0.61365712
0.60774411
0.60182512
0.5959
0.58996745
0.58402485
0.57806919
0.57209831
0.56611254
0.5601153
0.55411266
0.54811118
0.5421156
0.5361214
0.53012715
0.52412996
0.51812643
0.51211251
0.50608562
0.50004475
0.49399139
0.48792901
0.48186282
0.47579827
0.46973936
0.46368845
0.45764558
0.45160893
0.44557355
0.43953291
0.43347998
0.42740953
0.42131847
0.41520569
0.40907167
0.40291772
0.39674682
0.39056268
0.38437014
0.37817334
0.37197468
0.36577852
0.35956429
0.35336526
0.34718495
0.34099049
0.33480073
0.32863187
0.32246899
0.31630204
0.3101386
0.30398355
0.29782924
0.29166521
0.28548702
0.27929495
0.27308913
0.26686813
0.26063058
0.25437728
0.24811149
0.24183819
0.23556303
0.22929156
0.22302939
0.21678184
0.21055417
0.20435118
0.19817923
0.19204656
0.18594434
0.17998056
0.1730974
0.16622425
0.16050936
0.15474814
0.14857108
0.14230914
0.13615217
0.13005352
0.12394538
0.11782069
0.11169751
0.10558399
0.099477628
0.093373221
0.087268518
0.081163359
0.075059874
0.068960762
0.062869887
0.056790865
0.050727853
0.044684387
0.038664629
0.032672317
0.026711979
0.020787388
0.014901683
0.009050625
0.0032672088
0.71912052
0.71739831
0.71343532
0.70818985
0.7025291
0.69674211
0.6908512
0.68488524
0.67889796
0.67292112
0.66696116
0.66101601
0.65508325
0.6491603
0.64324397
0.63733089
0.63141804
0.62550309
0.61958447
0.61366161
0.60773474
0.60180455
0.59587112
0.58993325
0.58398797
0.57803136
0.57205999
0.56607284
0.5600723
0.55406418
0.54805544
0.54205321
0.53605132
0.53004859
0.52404304
0.51803221
0.51201302
0.50598359
0.4999434
0.49389403
0.48783861
0.48178157
0.47572727
0.46967861
0.46363695
0.45760161
0.4515702
0.4455374
0.43949662
0.43344114
0.42736623
0.42126932
0.4151498
0.4090087
0.40284812
0.39667191
0.39048464
0.3842916
0.37809683
0.37190232
0.36571152
0.35950158
0.35330642
0.34712844
0.34093469
0.33474533
0.32857645
0.32241156
0.3162412
0.31007484
0.30391763
0.29776111
0.29159496
0.28541574
0.27922425
0.2730203
0.26680182
0.26056693
0.25431607
0.24805207
0.24177922
0.23550243
0.22922669
0.22295749
0.21670074
0.21046287
0.20425058
0.19807207
0.19193736
0.18584473
0.17991849
0.17306383
0.16622045
0.16053704
0.1547674
0.14856102
0.14228072
0.13611513
0.13000514
0.12388205
0.11774421
0.1116119
0.10549236
0.09938208
0.093275707
0.087170998
0.081067589
0.074967147
0.06887181
0.06278472
0.056708692
0.050647029
0.0446027
0.038579781
0.032582712
0.026617466
0.020690075
0.014806413
0.008965545
0.0032010427
0.72350739
0.72138471
0.71662636
0.7105975
0.70437061
0.69817838
0.69196491
0.68574152
0.67955971
0.67343932
0.66737271
0.66134805
0.65535652
0.64939063
0.64344332
0.63750825
0.63158015
0.62565475
0.61972891
0.61380077
0.60786995
0.60193696
0.59600237
0.59006538
0.58412329
0.57817179
0.5722066
0.56622527
0.5602288
0.55422151
0.54821
0.54220402
0.53619561
0.53018331
0.52416652
0.51814409
0.51211482
0.50607828
0.50003521
0.49398774
0.48793876
0.48189209
0.4758505
0.46981547
0.46378654
0.45776197
0.45173801
0.4457087
0.43966714
0.433607
0.42752443
0.42141745
0.41528635
0.40913258
0.4029595
0.39677179
0.3905755
0.38437656
0.37817958
0.37198607
0.36579903
0.35959367
0.35340297
0.34722688
0.34103388
0.33484607
0.32867735
0.32250861
0.31633228
0.31016088
0.30399928
0.29783783
0.29166684
0.28548435
0.27929176
0.27308833
0.2668713
0.26063841
0.25438993
0.24812826
0.24185703
0.23558
0.22930126
0.22302566
0.21675925
0.21050944
0.20428477
0.19809635
0.19195721
0.18586902
0.17997157
0.17315935
0.16637128
0.16072193
0.15492542
0.14867774
0.14238078
0.13620832
0.13008231
0.12393698
0.11778
0.11163346
0.10550336
0.099384829
0.093273183
0.087165865
0.081062637
0.074964063
0.068872005
0.062788318
0.056715284
0.050654632
0.044608806
0.038580902
0.032576063
0.026601038
0.020664788
0.014776338
0.0089400161
0.0031876773
0.72863185
0.72592594
0.72008415
0.71309772
0.70625085
0.69962871
0.69306592
0.68656289
0.68016973
0.67388976
0.66769928
0.66157712
0.65550869
0.64948201
0.64348644
0.6375131
0.63155479
0.62560561
0.61966084
0.61371719
0.6077732
0.60182901
0.59588533
0.58994196
0.58399678
0.57804572
0.57208405
0.56610824
0.56011756
0.55411451
0.54810392
0.5420958
0.53608282
0.53006241
0.5240346
0.5179999
0.51195919
0.50591426
0.49986777
0.49382286
0.48778257
0.48174978
0.47572574
0.46970994
0.46370028
0.45769338
0.45168397
0.44566479
0.43962835
0.43356864
0.4274825
0.42136892
0.41522886
0.40906465
0.40288049
0.39668241
0.39047759
0.38427318
0.37807445
0.37188353
0.36570366
0.35950742
0.35332504
0.34715518
0.34096673
0.3347854
0.32862153
0.32245129
0.31627028
0.31009482
0.30392888
0.29776168
0.29158525
0.28539987
0.27920729
0.27300574
0.26679137
0.26056148
0.25431624
0.24805782
0.24178921
0.23551318
0.22923265
0.2229515
0.21667534
0.21041183
0.2041708
0.19796516
0.19181073
0.1857217
0.17987074
0.17312183
0.16641524
0.16080805
0.15496017
0.14865648
0.14234882
0.13617578
0.13003299
0.12386373
0.1176872
0.11152637
0.10538442
0.09925627
0.09313809
0.087028088
0.080925539
0.074830462
0.068743733
0.062666573
0.056600111
0.050545069
0.044502452
0.038474515
0.032465802
0.026483856
0.020539471
0.014646183
0.0088162116
0.0030879075
0.73469035
0.73109902
0.72376167
0.71563335
0.70814701
0.70109764
0.69419041
0.68743009
0.68086096
0.67445992
0.66818287
0.6619981
0.65588455
0.64982511
0.64380538
0.63781398
0.6318422
0.62588298
0.61993057
0.61398054
0.60803041
0.60207967
0.596129
0.59017878
0.58422795
0.57827356
0.57231162
0.56633848
0.56035227
0.55435319
0.54834329
0.54233147
0.53631154
0.53027909
0.52423456
0.51817988
0.51211839
0.50605464
0.49999405
0.49394171
0.48790168
0.48187631
0.47586487
0.46986446
0.46387089
0.45787911
0.45188197
0.44587071
0.43983689
0.43377458
0.4276812
0.42155655
0.41540244
0.40922205
0.40302079
0.39680579
0.39058568
0.38436869
0.37816113
0.3719661
0.36578711
0.35959715
0.35342175
0.34725424
0.34106797
0.33489474
0.32873656
0.32256397
0.31637827
0.31019855
0.30402532
0.29784699
0.29165935
0.28546623
0.27926994
0.27306761
0.26685425
0.26062658
0.25438436
0.24812928
0.24186365
0.23558931
0.2293082
0.22302305
0.21673866
0.21046206
0.20420382
0.19797812
0.19180352
0.18570711
0.17988552
0.17323383
0.16666542
0.16109183
0.15514362
0.14877097
0.14246649
0.13629729
0.13013273
0.12393748
0.11774405
0.11157165
0.10541857
0.099279496
0.093152618
0.087037209
0.080932589
0.07483792
0.068753306
0.062679062
0.056615639
0.050562736
0.044520392
0.03848958
0.032473949
0.026480535
0.020521166
0.014613063
0.0087772694
0.0030624478
0.74197683
0.73697341
0.72754857
0.71809619
0.70995504
0.70242548
0.69510047
0.68802344
0.6812308
0.67466692
0.66826718
0.66199028
0.65580841
0.64969865
0.64364206
0.63762401
0.63163361
0.62566226
0.6197029
0.61374972
0.60779886
0.60184843
0.59589827
0.58994855
0.58399891
0.57804763
0.57209215
0.56612953
0.56015743
0.55417403
0.54817835
0.54217532
0.53616138
0.53012948
0.52407977
0.5180153
0.51194181
0.50586666
0.49979796
0.49374322
0.48770854
0.48169656
0.47570462
0.46972717
0.46375751
0.45778869
0.45181165
0.44581623
0.43979318
0.43373653
0.42764407
0.42151605
0.41535508
0.40916517
0.40295299
0.39672675
0.39049629
0.38427074
0.37805748
0.37186089
0.36568642
0.35950618
0.35334114
0.34717823
0.34099748
0.33483847
0.32868833
0.32251448
0.31632945
0.31015287
0.30397764
0.29779082
0.29159316
0.28539238
0.27919148
0.27298692
0.26677338
0.26054731
0.25430793
0.248056
0.2417928
0.23551926
0.22923658
0.22294665
0.21665312
0.21036188
0.20408214
0.19782657
0.19161485
0.18548741
0.17970196
0.17320534
0.16685526
0.16128643
0.15515735
0.14870797
0.1424293
0.13626145
0.13005861
0.12382682
0.1176132
0.11142835
0.1052639
0.099114331
0.092980259
0.086861922
0.080758604
0.074668211
0.06858978
0.062522325
0.056465656
0.050418612
0.044380715
0.038351757
0.032334272
0.026333682
0.020361407
0.014437365
0.008596724
0.0029078887
0.75095339
0.74358208
0.73129559
0.72051353
0.7119043
0.70401482
0.69637199
0.68907822
0.68214538
0.67547917
0.66899848
0.66265663
0.65642204
0.65026844
0.64417439
0.63812374
0.63210458
0.62610785
0.62012616
0.61415345
0.60818514
0.60221838
0.59625181
0.590285
0.58431779
0.57834988
0.57238061
0.56640886
0.56043275
0.55444919
0.54845392
0.54244784
0.53642831
0.53038609
0.52432039
0.51823484
0.51213738
0.50603868
0.49994928
0.49387881
0.48783582
0.48182396
0.47583972
0.46987495
0.46392027
0.4579658
0.45200025
0.44601215
0.43999198
0.43393402
0.42783612
0.42169889
0.4155252
0.40932025
0.40309174
0.39684927
0.3906035
0.38436425
0.37813955
0.37193587
0.36575808
0.35958432
0.35342697
0.34726007
0.341083
0.33494126
0.3287953
0.32261415
0.31642686
0.31025093
0.30407073
0.29787415
0.29166713
0.2854592
0.27925237
0.27304281
0.26682616
0.26059989
0.2543629
0.24811462
0.24185462
0.23558276
0.2292996
0.22300659
0.21670641
0.21040311
0.20410351
0.1978149
0.19155314
0.1853797
0.17957907
0.1733734
0.16739694
0.16172706
0.15529541
0.14879639
0.14259659
0.13644194
0.13019843
0.12393259
0.11770145
0.11150273
0.10532171
0.099155371
0.093007525
0.086880567
0.080773576
0.074683712
0.068608034
0.062544157
0.056490282
0.050444845
0.044406716
0.038375411
0.032351849
0.026339278
0.02034623
0.014393109
0.008523168
0.0028402325
0.76236961
0.75072083
0.7344365
0.7221884
0.71299368
0.70456623
0.69650701
0.68896984
0.68190066
0.67515129
0.66862008
0.66225121
0.65600575
0.64985177
0.64376412
0.63772412
0.63171815
0.6257361
0.61977014
0.6138141
0.60786316
0.60191368
0.59596306
0.59000972
0.58405324
0.57809433
0.57213439
0.56617455
0.56021422
0.55424987
0.54827489
0.54228562
0.53627982
0.5302463
0.52418335
0.51809457
0.5119896
0.5058824
0.49978631
0.49371304
0.48767276
0.48167
0.47570127
0.46975739
0.46382643
0.45789488
0.45194849
0.44597457
0.43996399
0.43391173
0.42781586
0.42167697
0.41549817
0.40928562
0.40304828
0.39679703
0.3905432
0.38429703
0.37806694
0.37186057
0.36568244
0.35952037
0.35337103
0.34719866
0.34103225
0.33491248
0.32877233
0.32259271
0.31641255
0.31023793
0.30404843
0.2978406
0.29162712
0.28541599
0.2792051
0.27298961
0.26676725
0.26053781
0.25430063
0.24805367
0.24179442
0.2355212
0.22923406
0.22293434
0.21662404
0.21030526
0.20397966
0.19764565
0.19130882
0.18502998
0.17910426
0.17343296
0.16804135
0.16201451
0.15513284
0.14863447
0.1425363
0.13637127
0.13007919
0.12379342
0.11756177
0.11135977
0.10516715
0.098985448
0.09282346
0.086686586
0.080574943
0.074485383
0.068413446
0.062354798
0.056305852
0.050264153
0.044228305
0.038197663
0.03217178
0.026150791
0.020137923
0.014147969
0.0082348437
0.0025621163
0.77762097
0.75824596
0.73789149
0.72518346
0.71573727
0.70677278
0.6982707
0.69044951
0.68317643
0.67626152
0.66959412
0.66311399
0.65677672
0.65054586
0.64439313
0.63829755
0.63224355
0.62621944
0.62021651
0.61422826
0.60824964
0.60227624
0.59630408
0.59033
0.58435261
0.57837288
0.57239366
0.56641802
0.56044679
0.55447641
0.54849853
0.54250588
0.53649517
0.53045374
0.52437894
0.51827445
0.51215082
0.50602393
0.49991008
0.49382374
0.48777566
0.48176982
0.47580316
0.46986704
0.46394793
0.45802844
0.45209077
0.44612094
0.44011053
0.4340556
0.4279546
0.42180796
0.41561888
0.40939425
0.4031443
0.39688104
0.39061642
0.38436071
0.37812233
0.37191127
0.36572706
0.35958577
0.35343006
0.34723997
0.34109491
0.33498188
0.32882746
0.32265496
0.31649609
0.31032547
0.30412094
0.29789761
0.29167823
0.28546704
0.27925509
0.27303535
0.26680791
0.26057571
0.25433927
0.24809543
0.24183947
0.23556803
0.2292805
0.22297833
0.21666308
0.21033481
0.2039894
0.19761162
0.19118171
0.18474955
0.17843032
0.17394618
0.16951818
0.16249868
0.1550628
0.1487386
0.1427635
0.13652455
0.13014974
0.12384443
0.11762317
0.11142866
0.1052336
0.099043634
0.092872259
0.086727862
0.080612205
0.074522499
0.068453352
0.062398575
0.056352683
0.050312095
0.044275209
0.038241358
0.032209011
0.026174345
0.020132493
0.014085414
0.0080733973
0.0023368263
0.79849591
0.76127513
0.73614305
0.72422084
0.7151199
0.70601793
0.69746425
0.68969929
0.68250009
0.67564936
0.66903882
0.66261064
0.65632032
0.65013142
0.64401626
0.63795447
0.63193076
0.62593357
0.61995458
0.61398805
0.60802972
0.60207554
0.59612111
0.59016247
0.58419767
0.57822788
0.57225714
0.56629017
0.56032921
0.55437115
0.54840693
0.54242706
0.53642672
0.53039299
0.5243221
0.5182181
0.51209279
0.50596212
0.49984453
0.49375789
0.48771317
0.48171269
0.47575361
0.46982886
0.46392444
0.4580199
0.4520942
0.44613217
0.44012614
0.4340733
0.42797258
0.42182426
0.41563153
0.40940183
0.40314633
0.39687795
0.39060897
0.38434958
0.37810815
0.37189562
0.36569434
0.35959725
0.35342786
0.34721234
0.34112189
0.33500895
0.32881609
0.32264785
0.31651893
0.31035708
0.30413761
0.29789784
0.2916719
0.28546024
0.27924678
0.27302179
0.26678711
0.26054858
0.25430817
0.24806207
0.24180379
0.23552843
0.22923473
0.22292417
0.21659802
0.21025417
0.20388059
0.19744422
0.19088909
0.18419252
0.17665475
0.17428531
0.17162243
0.16265946
0.15456919
0.14864218
0.14284446
0.13650083
0.13001829
0.12367828
0.11745485
0.11125812
0.1050542
0.098851633
0.092667185
0.086511449
0.080387717
0.074293893
0.068224208
0.062171094
0.056127431
0.050088483
0.044052283
0.038018033
0.031982998
0.025939364
0.019872125
0.013754042
0.0075630824
0.0016398126
0.83598056
0.77032546
0.73906482
0.72695318
0.7173429
0.70758297
0.69861
0.69060213
0.68323665
0.67625986
0.66955264
0.6630497
0.65670029
0.65046369
0.64430951
0.6382155
0.63216479
0.62614457
0.62014561
0.61416181
0.60818878
0.6022222
0.59625716
0.59028892
0.58431484
0.57833588
0.57235637
0.5663817
0.56041472
0.55445257
0.54848585
0.54250416
0.53650122
0.53046451
0.52438931
0.5182797
0.51214864
0.50601137
0.49988708
0.49379597
0.48774913
0.48174741
0.47578796
0.46986492
0.46396441
0.45806435
0.45214181
0.44618087
0.44017429
0.43411993
0.42801704
0.42186581
0.41566938
0.40943544
0.40317563
0.39690328
0.39063084
0.38436878
0.3781252
0.3719126
0.36570642
0.35963913
0.35343271
0.3471929
0.34116168
0.33505274
0.32882544
0.32265686
0.31654978
0.31039647
0.30416966
0.29792135
0.29169326
0.28548371
0.27927228
0.27304745
0.26681196
0.26057333
0.25433451
0.24809148
0.24183684
0.23556481
0.22927383
0.2229655
0.21664109
0.21029675
0.20391537
0.19745822
0.1908478
0.18404453
0.17558724
0.17512564
0.17367848
0.16279085
0.15418063
0.14863395
0.14301627
0.13663432
0.13010514
0.12376058
0.11754906
0.11136222
0.10516302
0.09896172
0.092776742
0.086619868
0.080495344
0.07440169
0.068333166
0.062281616
0.056239086
0.050200199
0.044162771
0.038125955
0.032086575
0.026034978
0.019948323
0.013768129
0.0073621765
-0.00044870516
)
;

boundaryField
{
    inlet
    {
        type            zeroGradient;
    }
    outlet1
    {
        type            fixedValue;
        value           uniform 0;
    }
    outlet2
    {
        type            fixedValue;
        value           uniform 0;
    }
    outlet3
    {
        type            fixedValue;
        value           uniform 0;
    }
    outlet4
    {
        type            fixedValue;
        value           uniform 0;
    }
    walls
    {
        type            zeroGradient;
    }
    front
    {
        type            empty;
    }
    back
    {
        type            empty;
    }
}


// ************************************************************************* //
